383100999
858300821
357768173
455528251
133005921
116285904
591987137
102557902
689413528
585691128
789708827
477528897
471709721
433228053
94737806
738562773
1390825938
320971712
63710857
1886550712
1407500761
1133106595
1086319404
1966433342
403909323
255885579
124761827
1546035286
1369096065
1891602243
884891277
1752197064
602419417
1242659451
60241667
735425338
1358945355
652228804
837983241
2048358883
1237919932
1627692068
378404132
1709629653
2060920121
473141938
300708778
1304262411
794113650
364419635
1043329475
54130763
1497526230
2129648879
2020564105
1901435553
238050811
2145325932
1299987191
1607146876
1889444528
37394821
1211860292
344380297
1280054272
1272101959
1079805635
491515979
1924330763
1917788876
392391214
1014767047
1397997296
770795346
576913052
1311433769
1243937284
877621830
468212532
2038050934
1242041465
1511542008
2092181698
592084048
1493707239
1965262155
346035953
1731758050
1963104440
1646023145
1191421278
1705065320
1683417966
255797922
2049445617
815988590
1527899881
981767604
1307504569
1304746996
752072833
1699895783
172030395
2586481
323207481
748943447
1314020251
1567144765
1626565277
1782232783
1457712051
721123095
1146291143
1402410101
1313207143
492514735
1220188609
1659243096
76789137
1035809401
1157782593
1268210416
593391073
693716911
1524008338
495353042
1509705501
904424572
1477120646
669726422
61687920
81709831
222138557
233718316
84296313
545346038
982661763
1398316564
2112490803
461743393
1033065699
1422719207
1182866488
31873195
677645660
348589983
524387930
1897834269
2007833079
601177067
786160022
1018132025
1869387483
1379551095
1711848936
1245912174
1874904137
1074070790
2853098
1204541136
1743797212
64541018
1286250967
1965935770
298259334
1370547280
363798160
1280921098
621380196
328805316
1742664491
1654445896
1751524523
778047331
1686319091
281686535
1126637314
63223373
32037157
986986745
664400440
818197179
2005118770
386304276
50264627
1569484059
1632216450
1925168764
496071201
1635069548
982226252
92384765
1699610566
120993572
2058320535
1997869901
1491540852
274635048
1131307351
2112921049
603440364
726488194
1619883297
207481239
1504535525
1158718740
489167774
483689191
1221942113
521204931
1470675936
1886342553
1339402111
1328311059
125163181
1389666738
750311470
1757379631
1167351854
1246382671
1244965531
2094459
1338767436
797092450
123088031
1249604324
647478703
1614628883
1524239372
1778786054
1580066284
2127679736
357790600
1052465933
187677327
1862326125
63701025
676845101
198531668
1285643138
1198050033
1669207604
1024502044
389968496
850035015
1149665225
1779635234
1600346485
759561209
799503440
699245508
2004526740
801597899
2038012945
654135542
924685930
1140133621
1301614245
391831166
516889345
932916651
1971897450
497085433
1290707251
876879736
684762760
1005549728
940580761
1361607861
1204081396
78740252
412174246
725805353
1103242296
802142742
1575840368
105423873
434294328
1028703206
864985082
1233797769
1727948714
722028175
2035395668
1618478011
1376163717
812597951
611127984
530294315
1204429117
1128017329
1463210966
1028842919
1625102762
606434570
1905722655
162381874
1611984298
698819769
1523989736
668582047
777560021
1936163982
1394387400
1880802317
590823077
822744120
1986226190
1025117405
1851447326
703727625
111431526
1431912393
1425755800
2146827195
902906756
654435869
811941498
1514034741
1184730184
2016370615
494568422
500457503
897729886
2119671185
1106892073
655968894
134569411
571392723
1354788663
1658559147
1239974770
2132348684
1447239482
486878522
1865667353
2038062559
1309622643
1704409895
915696316
1013586321
260653872
1027127843
298015066
1686409672
1026471390
1200921823
193361894
1838412888
567472916
1378092078
1707299855
1062041338
1878549581
457546093
1034228875
837958006
1113514987
1168798287
1409350730
320820002
679873786
501841852
305685038
2127113268
988720375
23868743
2017692179
150859370
1728278639
785904848
1164445691
1988932511
1813032691
1462460758
1527858536
692020433
515898933
1721220430
382949673
1083371849
951828860
2090249528
2145413187
682894794
400311973
1032158415
1520852800
1513826961
53473054
782719882
1834646963
733346840
1284561735
2140332002
712976461
125798462
16717097
583184992
276657832
1744995736
1369089840
1441103523
1586444600
1034638883
756080633
966819488
1726659316
1271979566
540556270
2109608989
207867767
1492385130
2052374869
205797307
27796276
305203195
1237955722
1548649077
1819030156
1291428776
183885311
1506193471
2024775616
1468447046
1499041825
590268429
1594245508
1515758923
1173453422
1870903340
1113271011
395059614
1164523216
552231963
1429698498
1920603849
1519051451
1008874166
1045099768
2059607721
970999508
1252967535
1404509204
875890729
1458764842
1432305480
1181093924
549236916
833470909
852640432
1840665692
1017356221
211350256
1717957661
338319619
1710392081
160742442
1932565128
1078667356
1334195864
1655984820
44454720
1729255479
673024388
596686683
1011470329
446144590
2115738135
2020344495
1491244358
2027862208
843860355
596728245
1284887764
1719751085
2055493088
569709597
753361361
457246356
1403180506
1606001794
150428401
273053079
1817352050
1868386062
611372699
1380260483
2029128504
396454179
311444192
1215840721
2052438999
355898912
797612552
577979740
952585595
1809082881
1024124330
920840082
1681943728
367885040
801218643
378320436
964613285
2086106407
2098071521
872622725
508332356
703949234
1329869082
1911512863
162467380
1480297483
37082294
1979819430
1201199897
648454993
1212596266
1082844753
1044909172
1524040458
151201826
949864524
1879939370
948814378
1527844264
685041317
610413611
404484946
1605881400
144873692
772369986
259616395
523194128
1736983271
198239154
473782001
462122349
706571511
1177731235
1791991431
470600726
1340198616
1124805266
507683020
1172534398
178521515
1156138014
237647016
1261366268
53563538
1761687474
1412568095
1003428062
1494143196
213898825
383788678
31700866
824312437
788273624
1637582266
969186129
1560643610
1897198661
1492380257
1150143234
2095437815
1966162258
1612265583
654525678
996409845
1256773366
1125126404
189124813
234094984
1632809425
1361659212
412616499
641463791
1599306228
1673982767
695027329
1213510055
939067214
1698455392
560169603
1152966040
2082244070
591870469
1977278477
723034047
81969087
798980958
136194009
1979167748
143877567
1286337243
1927121916
2110039825
751119178
434163946
958966022
2007892544
1559290351
1148090836
94503880
1044616128
362266400
507120379
1686079919
1961572628
33619499
233623600
1027599035
972686713
1932078992
1587768639
2125652753
1866839415
32155460
1955447582
442389814
114124548
606944892
578583823
2093292296
750822459
1864921067
1872930564
713378636
468556597
159610863
1672344659
328965494
1718901214
672951847
423469374
616033694
1035218247
930589754
154629965
849307227
964209253
388253565
1876906263
1936895966
172848910
1317191254
1915065072
2039688325
1349346714
1723029006
334594491
1463471262
182490251
913178314
1409279911
933312710
630615733
1134726827
1646691347
1099172331
1294337690
1171552358
1428137825
865755256
1844504205
1851607199
1481788950
732238804
634713305
1636418915
1581546031
1598922558
2024672481
1310968646
1388334877
50037743
480676252
1155916301
2089726068
1830022967
731461659
276836911
1146010581
913951910
1190015225
407806844
1847264621
1820630959
1542533672
1346472320
772319642
689387714
370541030
52973819
1555142971
67561587
1904581018
889448273
799800391
391810676
378383541
233862774
1990733234
255572374
1544831421
1231584463
305610117
2025507673
240017116
247852537
1708046992
971478776
524689448
706573926
1885430686
1714704673
1114380770
1585211659
1387851984
509430794
784200331
12687978
1198818509
1154741361
65661797
606477832
1222302948
1970242816
1495926105
2022103339
214569844
1874309646
108482466
57819430
2129882020
1653313887
1289403894
288008489
1531337912
1529421010
535861026
1091901257
353416138
1060550474
1798475183
91363177
627771500
765372305
1676574836
2015623484
1274803100
313291520
2028311463
326137961
1468032881
2093973260
932615793
542852182
1916732428
281058250
417471873
2131302272
7884249
525954339
41638055
2137766269
31784578
1331041949
278291111
1563122491
712979311
814152137
507540100
1066395450
1874702612
158531635
1157758627
354990464
923903940
686849815
223130300
51223392
1000141335
103958115
377361353
320690569
50447728
1309977146
863542751
1967180156
1591035397
1281014624
1950998781
1598919646
1806968964
1992636836
1589202267
1838753542
1176195137
1867493378
1254392385
1889174448
534161868
1761932485
808086250
261380832
1920464120
1965844877
616371296
696884413
505211045
839501596
748107805
1505352380
943459712
1125469159
1826042949
993907440
287962657
542102052
813603948
1878998054
1823116677
617119081
1330434052
1482601993
462272269
772152672
1173871887
1638467406
492162402
280780625
1380158207
1026324270
2042713110
40760809
1287705102
1815693583
2006605687
1904076398
365094348
364333084
596094347
1113202153
1869685464
1539554059
91187664
1548244766
385977851
379150322
2090346818
1199581799
110664728
1765979847
1816700881
1441098781
1101098192
131489502
65767805
127486432
1769956909
557930207
408267057
1002631468
1584254478
303496519
1043392277
724475932
2119190102
902514316
481068683
336800802
1266847400
1077163030
1450002956
989049217
469233441
1541190620
389810335
855211292
1920340942
332673505
2054793091
2031005671
2098653353
1724010324
1324620804
1052267897
1855499827
1390388609
1179754329
1477973088
1948318816
1588021386
333120908
1385089646
1891517906
1376513185
2109565579
1863224360
131543854
443150614
52541515
1398391254
1520313644
1502544471
239956823
1989547085
896251443
629767158
697274729
669108738
962440664
604584172
552630761
913610369
181110849
1877251565
1965878266
2036610676
1120156526
998148948
1367100116
920991694
438686686
1700221024
158597693
182720944
929250561
120679624
2045945305
1060794415
563830238
2098486820
311702022
2084143882
1453547643
551658845
1926207319
202315438
1181426004
475998400
871424176
2143866668
1080582572
1424054937
909993389
1261693421
1153822854
728388007
1150820449
126495732
1726536955
370436917
1047487427
17739994
2070657941
1206085120
200460938
852424855
1326764744
98922595
1913219270
1890594982
49925767
77437644
1827255216
1503473410
629096490
1605978887
1705788849
1810522494
2081977287
429729377
1806905514
1015076211
1853784315
569415255
129285985
860123521
1297803262
1280106434
986619254
876856570
1650543352
2034106681
894596564
1573717645
1092708153
1095057502
278658852
271989249
1193980098
44394475
15100583
1243905865
121832119
